Results for TSP size:  5
37.1078 5 3
22.2475 4 5
17.3704 3 4
18.9784 2 4
19.4637 3 2
24.3018 2 4
49.4227 2 5
32.7667 4 5
53.1278 2 6
13.7488 6 2
27.3533 2 5
24.7986 3 5
38.7416 5 6
15.4049 5 2
33.3062 5 2
38.1907 3 5
33.4468 6 4
20.0319 2 3
43.8624 4 6
13.0474 5 2
13.906 6 4
25.9461 5 2
18.5431 3 2
41.1716 3 5
18.9939 5 4
37.1943 6 5
37.8201 2 6
48.9306 6 4
29.5446 5 6
24.5331 5 6
34.8934 6 2
12.685 3 6
56.8839 6 2
39.2502 2 3
14.8353 2 3
19.9799 6 3
35.034 6 3
16.5355 4 6
39.7887 5 2
15.0489 5 2
15.4958 4 6
27.9743 3 4
53.8806 6 5
32.9115 6 2
12.7209 2 6
15.5445 2 4
38.4913 5 4
7.04496 6 5
18.7582 4 6
17.8508 3 6
47.2711 6 3
36.9165 4 2
21.4659 6 3
26.251 5 4
44.2089 5 6
15.1881 6 3
19.8763 6 5
29.2462 6 2
52.4391 6 4
58.2181 5 2
42.6505 5 6
18.6141 2 3
18.9751 3 2
54.2232 4 2
30.889 6 2
25.5852 5 6
16.909 4 2
16.5559 6 2
15.9447 2 6
30.6003 3 4
38.0423 6 4
32.0271 6 5
28.502 3 2
34.3528 4 3
31.6988 5 6
25.7759 3 5
10.3797 6 2
19.101 6 3
35.6601 5 2
15.7425 5 4
15.0052 2 5
29.6543 5 2
30.6229 2 4
18.1885 6 3
48.767 3 5
37.6694 5 4
50.358 5 6
37.9124 5 4
12.0219 6 2
32.3197 3 4
11.1834 4 3
14.59 2 3
35.4717 2 3
37.5261 4 2
27.8523 6 5
33.7939 6 2
36.8264 5 6
49.0868 3 6
13.2097 6 4
38.9192 2 4
26.607 3 2
38.0152 6 3
20.0518 3 5
21.4094 4 3
64.5426 5 3
50.8777 5 4
14.8266 6 5
31.0612 4 2
28.8536 2 5
18.4582 6 5
38.5937 2 3
51.4151 5 3
53.8089 6 3
36.9789 6 4
20.282 5 3
27.886 6 2
24.3803 6 2
33.6321 5 2
10.8214 6 4
11.7111 6 5
19.8722 3 2
24.3172 6 2
25.0525 5 3
46.7682 5 2
53.6576 3 5
34.9955 5 3
23.5315 6 4
38.3293 2 4
17.7678 4 6
20.7034 3 5
21.8777 5 3
38.1202 6 3
43.841 4 6
53.5662 5 3
29.5499 2 3
49.2632 3 6
15.8205 3 5
62.7669 6 2
32.9407 3 2
43.1206 2 5
15.7476 5 2
18.2972 2 3
25.1373 4 2
15.1198 5 4
25.2547 6 3
24.2824 4 5
38.4565 6 5
34.845 5 6
17.6185 4 3
14.5416 6 5
22.1332 5 3
27.8983 6 5
46.4539 5 6
9.69225 2 6
34.3029 6 4
38.7501 4 2
24.9151 5 6
37.506 3 4
24.4355 2 3
27.2723 6 5
31.0888 3 2
16.1687 5 6
26.6773 2 3
63.5932 2 3
25.7441 5 2
47.0355 4 2
28.1064 3 6
34.0059 4 6
35.2431 2 4
51.1727 2 4
13.9108 4 2
43.638 3 2
30.0608 4 2
31.1797 5 3
17.2454 6 5
42.5699 5 6
39.728 4 3
27.9644 3 5
33.3463 5 2
12.4707 5 6
30.165 3 6
18.9824 3 5
35.6392 2 5
28.2465 2 6
30.8025 2 4
31.8966 4 3
10.8824 4 5
46.6533 4 2
29.3862 3 6
51.387 5 2
42.8112 6 5
16.9616 4 3
44.1229 3 5
35.9013 4 5
18.6234 6 3
23.6797 2 6
23.1995 5 6
15.8181 5 6
43.0283 4 5
49.8223 5 6
16.933 2 5
50.7426 5 2
16.6929 4 3
38.7256 2 5
21.3397 3 2
42.8742 4 3
62.5435 4 6
13.1283 4 3
38.6726 4 6
28.6547 6 5
49.3147 4 5
40.3477 5 3
39.6364 3 4
50.7526 5 4
14.5999 3 2
37.347 6 3
19.9758 3 2
23.8784 2 6
22.9359 4 5
12.0613 6 2
43.7967 4 6
12.6841 5 6
28.3947 6 2
17.1539 6 4
22.544 3 5
24.2698 4 3
45.4694 2 6
35.4802 2 3
34.8025 2 4
31.9678 4 2
23.5586 2 6
21.2517 5 2
21.2149 2 5
27.7419 3 5
12.1413 6 3
32.7993 3 4
43.9925 4 6
22.4825 4 3
31.6432 4 5
28.5071 6 4
51.3651 6 5
25.6559 4 2
36.3239 4 6
45.0252 4 3
28.4052 3 4
43.9165 4 5
27.3942 6 2
12.7349 5 6
17.2538 2 3
22.2801 5 4
34.776 5 4
29.5678 3 4
48.5834 5 6
31.3829 3 4
20.3891 5 3
17.4433 6 5
8.69409 5 6
45.7978 5 3
33.9719 5 2
31.4167 4 3
54.4725 2 4
38.9275 6 2
13.6987 3 4
21.2023 2 5
25.8721 6 3
37.5802 6 5
29.4186 3 2
19.675 3 6
21.5613 3 4
13.1444 4 6
21.8041 3 5
20.0481 3 6
15.4122 5 2
27.3955 5 3
15.7191 4 6
14.6308 5 6
64.4628 3 6
41.23 2 5
38.5648 4 6
20.0951 6 4
24.1005 2 4
39.8755 3 6
18.3443 3 6
29.0724 3 4
14.1258 5 2
23.7806 5 2
26.742 2 5
19.3856 4 2
39.0196 2 4
49.3415 4 5
41.8744 3 4
46.5859 6 2
31.711 2 3
36.4803 2 3
9.99368 5 2
25.1069 4 3
11.0883 4 2
19.6983 4 6
27.74 3 5
19.2325 2 3
11.762 3 4
28.2571 3 2
37.4607 2 3
42.2928 5 6
22.6552 3 2
12.349 2 5
23.6048 6 2
14.3216 3 2
25.4554 6 2
30.4974 2 6
25.5672 6 4
28.6805 3 4
27.3054 3 2
17.3191 2 3
19.4996 3 5
28.3542 3 2
17.6009 3 2
25.3963 5 6
19.1285 3 2
17.7719 3 2
42.7306 3 4
22.3158 4 6
45.2227 4 3
36.1076 2 6
17.1637 6 5
38.466 5 6
36.8967 6 3
21.5325 6 4
38.7276 6 4
53.505 3 4
23.2263 6 3
14.0393 3 5
26.8332 2 4
10.7054 2 6
45.9715 3 5
28.2585 2 3
43.9393 2 3
36.5374 2 3
35.3209 6 2
20.1718 3 2
32.5606 3 4
25.6979 5 4
15.8633 5 6
13.202 5 3
16.6242 2 6
35.1148 5 2
35.4469 5 3
9.70694 3 2
41.8737 4 5
13.152 4 3
31.4474 3 2
36.4367 2 4
34.5536 2 3
33.9893 5 3
26.6831 3 6
19.7201 6 2
25.1417 4 3
14.288 2 4
32.2254 5 2
13.2699 2 6
16.4039 2 5
38.8427 5 3
45.7649 6 5
29.8008 6 2
15.6287 4 6
24.475 3 6
23.8322 3 5
11.1582 6 4
29.8759 3 5
20.474 3 4
52.9967 2 4
21.3596 6 5
24.2259 3 6
62.1487 3 5
12.8023 2 6
20.5604 6 3
44.7719 4 6
16.4595 5 2
33.8102 2 5
35.0001 6 4
24.7846 2 4
22.194 5 3
13.4755 6 4
29.4008 5 4
16.7857 3 5
11.7148 4 2
12.2478 5 3
28.7559 5 3
34.7327 4 5
24.6717 4 5
40.0374 3 4
37.7695 2 3
29.0536 5 3
16.586 5 6
13.6182 5 3
29.3426 2 3
29.1886 3 5
11.706 4 2
22.2359 3 2
31.9894 5 3
26.6744 4 6
32.4171 6 2
8.07003 6 2
43.1569 6 2
32.5461 6 5
16.7298 5 4
9.11466 4 6
12.777 3 5
19.8769 2 3
11.8394 3 4
44.3794 6 5
40.6562 3 5
52.0225 4 6
42.4293 4 6
23.701 5 4
19.9678 5 3
12.1531 6 4
19.9181 6 2
26.958 5 3
36.0346 5 2
17.7944 3 2
27.0387 6 2
37.638 5 4
42.3392 3 4
49.3638 4 3
22.5819 2 4
18.6988 2 5
23.9754 4 6
23.4696 4 6
43.3763 6 2
11.6728 3 6
17.2118 2 6
57.1849 6 4
35.1711 5 2
45.0989 3 2
14.5221 3 2
15.9136 2 6
13.7438 6 2
32.7613 4 2
12.5405 3 6
51.6464 2 6
25.9009 5 3
15.6877 4 3
21.3288 4 3
38.6636 3 6
60.8427 6 5
18.4937 2 3
31.4452 4 6
57.0759 6 3
30.5694 5 2
19.2849 6 5
30.4777 3 4
25.3565 6 4
33.427 5 2
25.8996 2 6
31.8278 6 3
51.5667 2 6
26.121 2 3
18.3379 4 3
45.2373 5 6
30.5569 2 6
12.4289 5 2
12.139 6 4
33.3594 4 5
13.5322 6 3
22.0966 6 4
37.4077 3 5
18.8315 6 3
9.78348 5 6
50.7187 3 5
33.9512 5 2
32.4506 6 3
24.1121 3 4
12.2577 6 2
30.1262 2 4
17.1812 5 2
28.3728 5 4
9.85896 3 5
32.3972 4 2
10.2087 4 3
14.0833 6 4
16.5046 3 4
35.6502 5 4
61.7877 2 6
27.689 6 2
21.2117 3 4
19.8059 2 6
14.0057 2 3
44.9378 5 3
17.8705 4 5
35.6472 3 6
25.6341 4 6
13.044 4 2
52.7475 5 3
13.4537 2 3
41.3949 4 5
68.5837 3 6
17.519 5 4
20.5299 5 2
27.2413 4 5
21.8793 2 4
30.5537 6 3
11.9571 6 3
23.6913 3 6
24.5932 2 4
52.1998 6 2
17.1945 5 6
23.4679 3 2
21.7305 5 3
19.4744 2 6
29.0371 4 3
45.188 3 4
15.3055 4 3
23.9373 6 4
20.9054 2 6
13.3836 6 3
33.5196 6 5
30.9673 4 2
10.3684 3 4
35.5544 4 3
46.7915 6 4
40.3479 6 3
16.7141 6 4
27.0469 4 5
42.1588 4 2
22.9231 6 4
41.9697 5 2
29.2358 2 6
14.3353 6 3
39.0643 4 5
18.7753 3 6
48.6934 4 5
46.8094 4 5
36.3249 3 6
32.8376 3 2
34.4531 5 3
18.5856 2 3
52.8387 5 2
23.3269 4 6
13.7576 6 2
24.4938 6 4
29.3488 2 6
28.6461 3 5
32.4113 4 5
23.787 6 2
31.0852 2 6
27.1545 5 4
15.4008 4 2
53.8567 3 2
16.0601 2 3
12.4618 2 4
24.2907 4 3
44.4714 4 5
20.8662 5 4
16.3825 3 6
36.5836 6 5
19.8113 3 4
36.1035 2 3
17.4069 6 5
37.2655 2 5
28.5218 6 5
13.7459 2 6
22.501 3 2
17.1307 6 2
48.45 5 6
17.9943 3 4
42.4373 5 4
51.0396 2 4
69.9593 6 5
11.8373 5 3
22.4527 6 4
44.0126 6 3
38.1708 4 2
26.1145 2 5
14.2751 5 2
26.2491 4 6
12.904 5 3
25.4921 5 2
14.3754 3 2
24.3353 3 4
29.9681 4 5
25.2843 3 5
45.0523 5 2
26.4926 4 5
34.6412 6 5
15.3593 5 3
14.1128 6 5
16.8439 2 5
16.3101 5 4
20.3723 5 4
37.6225 6 2
33.2496 2 4
23.4982 3 5
23.6598 4 2
11.5861 2 3
12.8575 6 5
33.0687 4 2
51.765 5 3
17.2158 5 2
27.627 3 2
45.6411 3 4
51.1001 3 2
18.0704 5 2
23.2114 6 5
34.2899 6 5
38.8374 6 3
20.3718 6 4
20.9441 4 2
30.187 6 2
18.7104 4 6
52.355 5 6
21.1708 4 6
13.8784 5 3
18.9024 5 2
51.5183 4 2
30.403 6 4
28.6151 5 6
26.2498 3 2
25.4195 5 4
29.1512 6 4
16.7037 5 4
26.0234 6 3
31.2414 6 4
13.0233 3 5
15.7402 6 5
30.3693 5 4
35.6525 5 4
15.2973 6 4
42.981 6 5
58.0419 3 2
22.1435 4 3
13.7057 5 6
24.8125 4 6
47.0853 5 4
18.6677 6 4
52.1416 2 5
15.0211 6 3
63.5675 5 6
17.1335 2 6
15.6372 2 3
20.0144 3 5
16.9535 3 4
16.4269 3 5
34.263 6 3
34.6861 5 3
44.4562 2 5
47.8426 2 6
38.1548 4 6
40.0782 4 2
20.065 3 6
12.9285 5 6
16.2075 4 2
20.6728 3 6
13.3158 6 2
13.6862 3 6
31.5224 5 2
32.427 2 3
19.7093 6 2
31.8866 5 4
36.0616 5 4
43.1574 6 3
39.3599 4 5
13.3356 5 3
43.8505 5 2
12.4642 4 6
23.1667 5 2
15.339 4 2
20.6187 3 4
12.6357 6 5
15.8143 3 5
24.4138 2 4
33.1977 6 2
31.5586 4 2
42.2253 4 6
43.749 4 6
46.8853 6 5
40.6284 3 5
46.1655 6 4
52.5559 6 4
11.3855 4 5
32.0697 4 6
21.5278 6 4
19.1087 2 3
62.9852 5 4
30.1732 4 2
23.4812 6 4
28.0116 5 3
47.9049 6 3
27.9583 6 2
24.174 3 4
32.5502 4 5
39.7692 5 6
21.0159 2 4
43.6468 3 4
28.6745 6 5
44.2322 6 5
37.4909 6 4
24.1784 3 6
14.071 3 2
18.1891 6 4
12.2044 5 3
20.018 2 3
45.0043 2 4
49.9161 2 3
12.8756 4 6
30.4194 2 6
33.3648 5 6
41.8893 3 2
25.5009 3 4
20.7947 3 4
65.5656 5 4
41.6618 4 2
17.3609 4 3
30.7804 4 3
21.4825 2 3
16.7423 6 3
17.6965 2 5
34.0629 3 5
30.4793 2 5
36.4356 3 5
43.3033 6 3
29.472 4 2
30.994 6 4
15.1281 5 6
17.5148 2 4
17.1906 5 3
40.1327 5 4
32.8963 4 3
52.2651 6 4
29.7524 6 3
28.8327 3 5
51.4721 5 2
60.9923 6 3
37.2069 4 2
35.3851 6 5
38.8175 3 6
47.7969 2 4
30.5783 5 2
44.5021 5 3
20.1998 2 4
15.0003 6 5
15.2528 4 6
23.7053 5 2
38.2183 4 2
47.163 3 5
23.5533 5 4
25.6782 5 3
18.0855 5 4
29.9461 5 2
28.2675 6 5
13.3348 4 6
51.5591 2 4
17.9612 3 6
34.107 5 3
45.1862 5 4
45.2205 3 5
16.4564 5 2
51.3704 3 6
22.4624 4 3
27.8778 4 3
27.8874 4 5
33.3575 4 2
30.3556 3 6
39.8659 5 6
41.9418 4 5
29.5878 3 4
51.5572 4 3
19.5648 3 4
22.3005 5 4
11.6518 2 6
19.4011 2 3
53.1688 5 4
26.5003 6 4
32.4684 2 6
23.9804 6 2
23.5907 6 2
14.2219 2 4
16.9246 3 4
45.9856 6 5
31.6585 6 2
45.4599 4 3
20.9724 6 3
18.0843 6 2
52.4854 4 6
21.4435 5 4
14.8613 6 2
40.5782 5 2
19.1751 2 4
24.8109 6 4
30.1915 4 6
15.7617 4 2
38.3711 2 3
40.5227 3 6
40.016 5 2
14.4708 6 3
45.9006 6 3
17.1449 3 2
33.6842 3 5
49.3538 5 6
18.0867 6 4
42.4375 3 5
36.0227 6 5
19.4639 5 2
22.2745 2 6
19.1625 3 4
21.9477 5 2
51.1548 4 5
23.6063 6 3
33.3171 6 3
37.6015 2 4
14.1883 3 2
45.1176 4 2
31.4894 2 3
28.4932 3 6
11.5218 3 5
34.8389 6 4
31.2595 2 4
31.9816 3 5
20.5034 4 6
24.9678 4 6
12.9852 5 4
56.9974 6 4
46.9617 5 4
45.0569 2 5
44.5256 6 2
13.3918 4 6
25.7045 3 4
50.9616 2 4
18.3573 6 5
45.2209 3 4
44.5648 4 5
30.6849 5 4
48.2912 5 3
56.5037 4 2
17.9421 2 6
76.4816 2 5
49.7191 3 2
37.7236 3 6
14.7961 6 4
15.6349 3 2
17.5455 2 3
39.8664 4 3
44.1204 6 2
45.6953 6 2
12.9322 4 3
29.6454 6 5
12.6551 5 4
33.2245 4 6
53.3148 5 3
23.9551 2 3
28.9669 5 4
24.789 3 4
25.9022 4 6
32.3505 5 3
45.6728 6 2
19.8634 2 5
12.7686 2 5
30.7439 4 2
17.569 3 4
36.6141 2 6
31.1537 5 2
17.1766 3 2
45.6682 6 2
36.7591 3 6
54.943 4 3
21.4633 6 4
44.3536 2 3
51.0481 5 2
39.0918 2 4
14.135 3 6
29.3802 6 4
27.2036 3 5
17.5763 4 6
38.3765 3 4
9.24855 4 3
12.7322 6 3
11.9705 3 2
31.9053 3 2
26.0947 4 6
38.8199 4 5
25.3975 3 2
26.584 6 4
23.6131 2 3
21.2178 4 6
43.052 3 5
45.8846 4 5
13.5419 5 6
11.6469 3 6
16.6954 3 2
16.6272 6 4
30.4372 4 2
18.1693 5 2
15.0141 3 6
31.326 3 6
29.9975 3 4
22.7319 4 2
25.1366 2 6
12.0051 3 6
43.7433 5 3
17.0869 4 6
19.9466 5 2
31.9909 6 4
38.9662 6 2
32.2812 6 5
31.4564 3 5
19.7235 6 4
19.016 6 5
16.4952 6 4
23.0738 3 6
13.3389 5 3
46.9816 5 3
42.5025 4 2
48.5794 4 2
27.2095 6 4
31.0794 5 6
11.5881 3 2
18.2216 5 3
27.949 5 6
23.5559 3 6
41.5358 2 5
61.4876 5 2
38.2023 3 6
49.6267 6 2
27.3337 2 6
28.2878 3 2
27.266 2 3
53.9336 4 5
31.2064 2 4
26.9065 4 6
38.1857 6 5
26.9825 2 5
21.8235 3 2
32.0734 4 3
30.8669 6 5
15.2126 2 6
32.7337 6 5
18.4879 5 3
14.067 3 4
16.7475 5 6
37.0513 4 6
30.9112 4 2
37.1918 5 2
17.7864 3 4
19.2843 6 3
18.55 6 3
34.8482 4 5
41.1794 6 3
21.7929 3 5
21.6679 3 5
43.3618 2 3
16.7804 3 4
11.5895 4 2
17.8034 3 6
35.711 6 4
72.0112 5 6
31.9022 6 2
18.326 4 2
38.902 5 6
12.1671 2 5
10.4448 2 5
38.3904 6 5
48.7476 3 4
21.6322 5 3
16.6143 5 4
35.0576 4 3
12.4209 4 3
49.5326 2 6
14.1299 6 3
28.8095 3 5
33.6503 6 5
21.2525 4 2
19.8124 6 5
14.6259 3 2
21.6387 6 4
36.1475 2 5
29.4045 6 4
37.9441 6 4
26.7201 5 6
41.5289 3 4
19.4217 2 3
20.0548 2 3
14.1252 4 6
21.701 4 6
32.2372 2 6
22.2768 3 6
26.8012 6 4
32.657 5 3
17.1286 6 2
20.936 5 6
27.0514 2 4
17.9659 5 6
37.7816 6 3
49.2007 2 3
24.6326 6 4
16.3843 3 4
32.7748 6 4
25.4982 4 6
22.6066 3 2
36.082 3 2
24.4888 2 5
10.3804 3 2
48.1367 6 2
31.0689 6 2
22.732 4 3
23.9753 5 3
15.461 3 6
30.7417 5 2
41.4991 6 4
12.0904 6 5
13.6367 5 3
17.7561 2 4
18.6476 4 2
15.1314 4 3
19.1576 6 3
27.8734 6 4
12.5264 6 2
19.6319 5 4
39.1705 4 6
25.2553 6 3
34.1209 5 6
35.4141 2 3
46.4676 6 3
28.4426 5 4
20.1778 5 6
31.4277 2 3
55.8664 5 4
43.8983 4 2
30.4222 5 6
33.5252 4 2
14.5868 4 3
17.8288 4 2
14.5343 3 2
21.3375 4 3
29.6814 5 3
50.3524 5 4
22.3046 5 2
32.8355 4 3
35.7583 6 3
32.3761 4 6
53.2694 3 4
26.4458 6 5
16.6932 6 5
41.3364 4 3
36.1886 2 4
20.9078 2 6
28.6836 3 6
29.1682 5 6
24.055 2 3
47.023 4 2
21.8964 3 4
11.4053 6 3
17.0639 4 2
37.8672 5 4
36.1957 2 5
56.3976 4 3
18.6242 6 3
17.6239 3 2
71.6477 5 4
26.0646 3 4
45.3257 5 3
30.537 4 3
13.2209 6 5
12.9481 5 6
34.5883 6 3
46.726 4 6
30.8469 3 6
38.8614 5 3
25.1981 3 6
39.314 2 4
34.1005 5 4
26.4776 5 3
39.904 3 5
20.0219 6 4
11.9845 6 4
27.7188 5 4
31.1554 5 3
51.8488 6 2
28.5286 3 6
21.6343 4 3
29.4242 5 6
19.735 5 4
13.5266 5 3
11.8445 5 6
22.2479 6 5
56.2702 6 5
29.3831 5 4
28.5199 3 2
31.4945 3 2
23.4533 3 5
28.7792 5 3
24.1126 3 4
16.5662 3 5
25.8002 5 2
36.8093 2 3
40.7528 3 6
43.9124 3 5
19.4731 6 4
33.4454 6 5
52.4544 2 4
37.6351 2 5
24.9268 2 5
37.3949 5 3
20.2506 5 3
49.6945 4 5
51.3193 5 6
12.0686 3 4
20.0431 2 3
50.7586 2 4
45.4875 4 2
20.3046 2 6
21.9857 4 2
29.0537 6 3
16.1304 2 4
19.4439 6 4
46.6641 3 4
24.2909 6 5
20.862 6 2
15.4559 2 3
21.4958 5 6
13.7348 6 5
22.7833 6 3
56.4464 5 4
37.4619 4 2
10.2762 4 2
16.0123 2 4
27.754 2 5
47.3046 6 5
10.845 3 6
18.852 5 2
22.0262 6 5
26.1147 4 3
51.502 4 2
45.0126 4 2
31.5051 6 2
24.3251 3 2
32.3283 2 3
23.9428 6 2
31.7401 3 2
40.8592 2 4
12.9404 4 6
21.6723 5 6
33.6711 5 4
20.2184 5 4
18.164 5 3
31.923 6 5
32.152 5 3
28.9541 5 2
29.4896 4 5
32.1847 5 6
14.7034 4 3
25.5642 6 2
49.3996 6 4
39.6481 5 4
18.7626 3 6
40.463 3 4
13.1811 5 2
43.4629 6 5
31.0255 5 2
30.6917 2 5
23.9127 6 3
16.0426 5 4
29.067 6 5
34.5698 2 6
31.7421 5 4
45.2045 2 6
14.7381 6 3
28.5654 2 4
28.4527 6 3
23.8086 3 2
25.801 5 4
33.4538 3 2
41.3539 4 2
9.91036 3 5
19.4635 6 5
15.2424 4 2
71.4765 3 2
33.8645 5 2
34.6874 2 5
31.9181 5 6
26.3662 2 5
16.2814 3 4
27.3137 5 3
31.6167 3 4
26.7383 3 5
52.3767 3 2
14.1336 5 2
22.9217 5 6
15.8581 3 6
17.5942 4 2
19.7732 4 5
13.6514 3 5
30.1 3 4
33.5986 2 4
25.8835 6 3
26.2321 4 2
50.4233 6 3
36.822 5 2
59.5529 5 4
31.331 3 2
40.6637 4 6
17.7005 2 4
19.5116 3 6
39.8492 4 2
25.7938 2 6
13.4783 4 5
53.9856 5 6
32.2681 6 5
18.6507 4 2
44.8168 4 2
14.1067 6 4
32.8701 2 4
27.3736 2 6
51.5519 4 6
24.4272 3 4
26.689 5 3
21.4657 6 4
42.848 6 2
12.533 3 2
23.6526 6 2
29.4949 4 6
46.4904 3 5
20.2234 5 6
31.612 6 5
23.4314 6 5
30.3177 3 2
21.3893 6 3
26.0646 4 2
9.84431 5 2
42.1134 4 2
41.9493 6 2
31.1249 4 3
55.4973 4 6
47.3903 2 4
40.9188 5 3
49.0285 3 5
15.8021 4 3
14.7538 2 3
16.6577 5 4
20.0197 3 6
38.6153 3 5
20.6419 3 2
52.4199 3 5
61.4469 5 2
16.6163 6 4
35.7097 4 5
41.2701 5 3
14.9474 3 5
15.4301 6 5
17.8799 3 4
14.0349 3 4
33.4466 5 2
31.8167 6 5
26.5075 2 6
18.9505 2 6
26.6109 3 2
15.7904 3 5
38.4772 2 3
26.0712 2 4
21.1091 6 3
17.6822 2 6
36.2107 5 4
49.3068 5 4
15.6057 5 3
12.9509 5 4
17.6688 4 3
18.2241 5 2
61.632 6 2
37.6996 5 4
26.2441 5 6
13.6558 5 4
35.595 4 3
27.6735 2 5
19.4328 2 4
37.876 3 4
15.7752 5 3
35.9974 2 3
52.2103 6 3
18.0946 5 4
15.8287 6 5
38.6265 6 4
35.0346 4 3
29.8657 2 5
13.7587 6 4
25.5793 3 6
35.0466 6 4
8.77651 3 4
23.4571 6 5
37.001 5 2
47.827 5 4
42.2981 2 4
15.2652 5 4
15.8513 4 5
16.1271 5 2
13.8573 5 2
18.1753 4 2
20.8012 5 6
23.6484 2 5
41.2834 5 3
23.9239 6 2
47.3765 2 6
35.3156 5 3
12.6675 5 3
18.0556 3 6
42.2215 6 2
43.6685 4 5
17.5619 5 2
17.4166 3 6
18.0201 5 2
54.5543 3 6
16.9227 4 2
41.4138 5 4
14.0775 3 2
37.5127 2 6
27.8855 6 3
39.712 2 4
25.4374 3 5
35.737 3 5
28.0435 5 2
29.4328 6 2
10.5222 2 4
22.1045 2 6
28.359 6 2
16.7518 6 2
46.5687 4 3
44.46 6 3
10.6482 4 6
34.3924 5 4
21.0093 5 2
19.3718 4 5
13.2362 2 3
14.1683 2 5
16.5614 6 5
20.6701 5 3
15.2912 2 3
38.1819 5 4
55.2346 5 3
33.1756 5 4
19.3235 2 6
37.1166 3 5
50.5146 6 3
44.224 4 6
15.7292 5 6
17.7303 6 4
67.0432 6 3
14.7405 3 4
13.6257 6 4
18.6369 2 4
18.994 5 4
31.1913 2 3
16.8049 2 4
30.6401 4 5
52.9954 2 5
14.8849 4 6
19.599 5 6
17.1874 2 5
40.538 3 2
18.9381 5 2
10.5806 3 4
28.9188 6 4
34.0552 6 4
30.3347 6 2
19.478 3 6
20.7918 5 4
18.1767 2 5
26.4969 6 4
15.9924 6 4
10.0563 4 6
17.4569 3 2
15.8426 5 6
34.3233 3 5
36.2441 5 6
54.1197 6 2
49.7938 5 2
20.5494 6 3
28.511 4 2
29.8046 5 4
58.4601 3 5
40.4633 2 5
16.3021 4 3
45.5722 4 6
25.398 2 3
30.3952 3 6
19.5065 2 5
20.4018 2 3
27.4447 3 4
31.1576 4 3
27.1675 3 2
19.3768 5 2
19.6859 3 4
51.8368 5 6
44.143 6 5
11.3814 4 3
50.8136 4 2
30.476 5 4
42.5717 5 3
53.2254 6 2
23.6276 6 5
52.4798 3 4
47.7082 3 2
37.5888 6 3
31.005 3 2
10.7176 2 5
19.3977 3 6
45.9029 4 2
60.246 6 5
28.4286 2 4
27.5726 5 3
44.4896 3 6
33.9903 4 6
11.7249 5 4
9.74106 3 4
18.0453 4 2
11.6623 6 5
32.7065 6 3
31.0397 5 6
53.6416 2 5
14.8163 4 2
11.4925 2 4
15.7055 2 5
41.0489 2 5
52.3526 2 6
20.257 2 3
22.5996 2 6
13.6308 5 4
49.3897 6 3
37.8095 5 2
21.0941 4 5
43.9516 5 4
25.8135 4 2
54.097 2 3
35.5001 6 5
24.5051 5 3
45.1097 5 4
19.1949 2 5
21.0441 2 3
46.2979 4 5
50.267 6 4
15.4449 4 3
25.1338 5 2
23.0557 4 6
19.2386 3 4
12.5559 6 2
39.3969 3 6
43.0178 3 2
33.4585 2 3
27.3209 6 4
61.2367 6 4
35.7953 2 5
13.0351 6 3
35.1032 4 5
10.5487 6 3
17.1838 4 3
52.4819 6 2
28.4713 4 2
39.4282 6 5
18.2792 6 4
17.6897 3 5
18.2897 2 6
15.3016 6 4
28.393 6 5
23.6453 4 2
18.5425 5 2
22.78 3 6
45.473 4 6
13.8374 4 2
51.6889 6 4
19.4834 3 2
18.1077 4 2
23.077 6 2
15.9056 5 4
10.7402 6 5
32.7042 4 5
24.2526 5 3
10.4026 2 5
40.4485 4 2
22.5326 3 6
48.4945 3 6
12.5422 2 4
23.528 6 4
27.3624 2 4
34.08 6 3
15.6809 5 4
16.3904 6 3
33.0009 2 3
26.8577 5 3
18.9203 5 3
27.04 5 4
18.0364 3 5
19.3466 6 4
17.4181 5 6
13.5249 6 4
26.2338 5 2
41.374 5 3
36.8121 4 2
16.3746 3 4
21.147 5 4
24.625 2 6
17.4086 3 5
16.4427 3 4
50.9028 6 4
16.3073 2 6
15.1378 4 6
43.5562 3 5
35.3713 2 6
14.707 4 3
29.5012 6 5
29.5964 5 4
11.7002 3 5
20.0252 5 3
10.7554 3 5
10.7425 3 6
27.96 6 5
30.5718 2 3
21.7012 6 3
37.584 4 3
17.2389 2 6
11.8045 4 2
37.451 3 2
10.0678 6 3
24.0159 3 5
49.4577 6 5
26.6383 4 6
10.5813 2 3
23.0314 2 4
11.1075 3 6
31.1992 3 4
25.695 4 6
34.2673 2 3
15.7052 6 5
39.355 6 4
17.2151 4 3
9.16347 6 4
37.9398 5 3
35.765 5 4
33.2379 6 3
14.4255 4 2
36.0351 5 6
28.585 6 2
16.8378 3 6
33.0645 2 3
14.7365 4 3
24.1673 6 4
49.7041 2 3
17.4959 4 3
25.2148 6 3
26.6035 5 4
32.052 4 5
38.6419 3 5
20.0239 4 3
26.0395 4 5
20.5505 4 6
10.9334 5 3
36.1929 6 3
16.8636 6 5
12.5486 3 4
45.4273 5 2
46.2941 4 3
28.1007 3 2
12.3723 6 3
13.8255 5 6
53.3594 6 2
62.3837 5 3
11.8589 3 4
14.0693 3 6
20.2695 5 3
34.2915 4 6
27.8624 5 2
20.8192 5 4
33.9329 2 6
24.7485 6 2
51.5444 6 2
27.9805 2 6
32.3019 3 4
33.5475 3 5
37.4059 2 3
13.8213 6 2
29.8263 3 4
24.6457 2 3
53.1202 5 3
33.6369 5 6
15.9731 6 3
22.0191 3 2
42.2556 2 6
27.4502 6 3
51.6023 6 3
22.8378 3 4
22.793 2 4
50.3843 3 2
11.3987 3 5
16.3975 5 4
42.5409 5 4
12.3767 6 2
27.6241 6 2
19.2255 4 5
22.1451 6 2
27.4022 3 4
9.71141 6 2
11.4009 2 4
71.0196 3 2
32.0483 3 5
36.8515 4 5
26.3272 6 4
24.7135 5 3
49.276 3 4
34.4562 3 2
28.2157 5 3
56.6075 5 6
33.0074 2 3
21.4304 4 2
39.6215 6 2
17.4331 2 5
9.77732 6 3
37.082 4 3
22.3281 4 3
19.4602 2 3
26.8504 3 5
34.0054 5 6
19.4421 6 4
27.6338 4 2
21.4313 5 4
19.9053 3 4
32.016 3 5
28.5183 4 5
8.67444 6 5
27.3536 2 6
16.9292 3 6
35.4827 4 3
56.1808 3 6
22.0969 3 4
44.8502 6 4
15.7588 3 2
20.5065 3 6
29.5221 3 5
43.0457 4 2
15.8547 3 2
14.718 4 3
29.2427 6 4
24.5172 2 3
18.6111 3 6
59.3273 3 5
17.885 4 3
27.1176 5 6
8.1768 6 3
22.5331 5 3
10.843 6 5
20.962 5 2
22.2474 3 2
53.7476 5 2
20.4675 4 6
14.169 3 4
42.52 3 5
17.9297 4 6
10.9755 4 5
38.0842 3 5
40.0233 3 6
47.6512 5 6
12.9376 6 4
23.7534 4 5
10.4056 2 6
22.0036 5 3
38.8812 4 5
40.5666 2 3
45.478 5 4
41.4175 3 2
13.2739 3 6
23.9433 2 6
45.4879 2 4
42.2932 2 5
46.0566 4 3
15.761 6 5
11.7749 6 4
18.1129 3 2
31.8119 5 2
37.0827 4 6
18.6041 4 2
35.871 3 6
18.4863 4 6
18.7657 5 3
39.1866 2 6
23.2319 6 2
52.3395 5 3
37.255 4 2
20.9467 6 4
29.0322 2 6
27.5001 5 3
23.2596 3 5
44.7323 6 5
25.5174 3 2
26.5351 3 2
28.5714 2 5
35.976 5 2
13.0097 3 6
56.6386 6 3
14.9466 2 4
20.9312 4 5
29.8998 5 3
42.6379 5 3
13.0356 5 3
30.8828 2 4
15.34 2 4
9.40073 5 2
15.6653 2 6
29.7007 5 3
22.9716 5 3
27.7861 6 4
33.7498 4 5
37.6989 4 2
24.3 2 4
20.9546 6 3
15.3436 3 4
24.7551 6 5
16.6313 6 5
19.5332 5 3
24.8469 5 4
14.3421 4 6
12.8546 5 2
15.8848 3 5
13.041 4 6
44.4838 2 5
12.1812 3 6
11.7348 6 5
15.737 2 3
37.4373 4 6
32.7792 6 3
19.8025 3 4
17.3362 5 4
24.5823 4 6
44.4239 2 3
31.2095 6 3
20.7488 3 6
34.9235 4 5
17.0791 3 2
19.1153 4 6
49.0088 6 2
21.2624 3 4
48.6412 6 4
48.9915 6 2
17.8893 6 2
11.7636 6 4
28.4451 2 6
25.7087 6 2
17.7337 4 2
32.9793 5 4
34.9479 6 4
35.6515 3 2
30.3208 3 2
21.0734 4 2
20.71 3 6
30.8333 4 3
37.1135 2 3
19.5562 6 5
47.6252 5 6
17.1842 4 3
16.4108 6 3
11.8461 2 4
33.0639 4 3
20.1219 5 3
19.5602 6 4
39.557 3 6
19.7839 4 6
40.82 3 5
61.4562 4 6
28.7512 6 4
18.7901 3 2
33.0229 3 2
13.3612 5 4
26.1042 3 4
37.0111 6 4
26.2037 6 4
14.5528 5 2
15.3417 3 2
20.1925 2 3
38.0591 5 3
23.5399 3 6
21.4728 5 4
24.2283 5 4
16.761 3 5
17.0709 4 6
33.1186 4 2
27.6078 3 4
24.0505 4 6
12.7296 3 6
18.6896 6 5
35.8941 6 4
41.9904 2 6
44.1908 4 2
33.0229 6 3
36.9011 3 4
41.4222 2 5
16.625 6 4
25.7668 6 5
25.6046 6 5
46.6505 3 5
15.399 4 5
48.6253 6 4
19.9188 3 4
9.03938 4 2
9.47857 5 4
30.0815 2 4
33.0764 5 6
12.8542 4 5
30.6873 3 2
11.3424 6 2
12.2549 4 2
30.016 5 2
33.1196 3 2
49.9472 2 3
30.6722 6 2
15.5236 3 2
29.309 4 2
16.7212 4 6
28.8084 3 4
29.9391 3 2
10.5616 3 2
12.6586 2 4
34.4273 4 3
31.8655 6 4
52.9889 4 6
28.6376 6 5
16.8729 4 2
51.7126 4 5
37.6634 6 5
43.2663 5 2
49.2729 3 2
58.8406 3 6
19.7682 6 2
17.3994 4 2
20.243 2 6
15.1904 4 2
35.8126 5 4
19.5197 5 6
30.7328 6 2
14.8502 2 4
22.6802 5 3
15.9984 5 4
11.2419 6 3
19.0658 6 3
40.2856 2 3
44.7792 4 3
53.8047 4 5
41.773 3 2
47.184 6 2
14.2798 5 4
38.4607 2 3
46.62 4 5
30.5055 4 3
47.4397 3 6
19.7546 5 2
30.3791 6 5
17.0045 6 5
20.8245 6 3
14.9577 6 5
34.3799 6 3
28.8847 6 3
30.835 6 3
41.5231 3 4
14.1717 5 2
44.7309 6 4
16.6092 6 5
54.909 3 6
36.6905 4 2
16.222 5 4
24.7935 4 2
18.2832 4 2
32.4787 5 6
46.889 5 3
15.9151 5 4
23.217 6 2
17.6335 2 5
26.6716 6 5
12.3373 4 2
18.8563 6 3
14.8646 4 6
16.0676 5 4
43.9797 2 6
21.3977 5 4
24.1386 3 6
20.9969 2 4
27.1961 6 2
29.8037 4 2
34.806 5 4
42.2589 4 6
20.0436 4 6
15.7305 6 3
43.7645 5 4
11.5519 6 3
27.1294 5 3
20.0232 5 4
29.9848 2 4
37.882 5 2
30.2517 3 5
15.7048 5 4
34.0783 2 5
52.028 6 4
38.5742 6 4
35.9843 2 4
64.0657 3 6
28.5288 6 5
28.1275 2 6
42.2256 4 5
37.305 3 4
11.7593 6 5
15.0906 4 2
31.8997 4 5
28.5659 4 5
17.2342 5 4
50.6652 6 2
19.0166 4 6
16.1454 5 2
29.0547 3 6
18.0996 5 3
41.9199 3 4
43.7833 6 5
28.4571 6 2
16.4491 6 3
47.9396 5 6
44.2056 2 6
54.8517 3 4
24.9231 6 4
21.7062 3 2
